2
3
4
5
7
8
11
16
18
21
22
24
26
29
32
35
36
39
40
43
44
45
46
47
48
49
51
52
55
56
57
58
63
64
65
69
70
71
72
73
77
78
79
80
81
82
83
84
85
88
89
90
91
92
98
99
104
105
106
110
111
112
113
115
116
118
120
123
126
128
129
131
133
135
136
138
141
143
144
146
149
150
154
156
157
159
161
163
164
166
167
169
170
172
175
178
179
182
183
185
188
191
192
193
197
198
199
201
203
204
207
208
211
212
216
218
219
221
222
224
227
228
231
232
236
237
239
240
244
246
249
250
256
257
264
267
268
272
273
275
276
279
280
285
289
290
292
293
296
299
300
304
305
306
311
312
314
316
327
333
334
337
338
339
341
342
345
346
347
349
350
351
353
354
358
365
366
369
370
373
374
378
379
383
384
388
392
394
395
396
397
400
401
405
406
407
410
411
414
415
418
419
420
423
424
427
428
429
431
432
436
437
441
442
445
446
450
455
457
458
476
477
478
480
481
482
485
486
487
488
490
494
495
499
500
501
504
508
509
512
513
516
521
525
526
527
530
531
533
536
537
538
542
543
544
547
548
549
552
554
557
558
559
560
561
564
565
566
570
571
581
582
586
587
588
591
592
593
597
598
601
607
609
615
617
627
628
629
632
633
637
638
642
643
646
647
648
651
652
656
657
658
661
662
666
667
668
671
672
676
677
678
682
687
688
692
693
700
701
706
707
708
712
713
714
716
717
721
722
723
725
729
730
734
735
736
739
740
741
744
745
746
750
751
754
756
762
769
773
779
780
781
784
785
786
790
791
792
793
795
796
799
800
804
805
806
809
810
811
812
815
816
820
825
830
835
836
837
841
842
843
846
847
851
857
858
863
870
871
872
875
882
887
888
889
892
893
894
897
903
904
905
908
909
914
920
921
926
927
929
932
933
934
935
938
939
944
948
954
959
964
965
966
967
968
969
970
971
975
976
977
982
987
988
989
993
994
998
999
1003
1004
1005
1006
1007
1009
1010
1011
1020
1021
1026
1027
1032
1033
1034
1040
1041
1042
1046
1047
1048
1052
1057
1058
1063
1064
1070
1072
1076
1081
1082
1083
1088
1089
1090
1091
1092
1093
1095
1096
1101
1103
1107
1108
1109
1110
1113
1114
1119
1126
1127
1128
1129
1130
1131
1132
1133
1134
1135
1136
1137
1139
1140
1146
1147
1149
1155
1156
1157
1158
1159
1160
1161
1168
1169
1175
1176
1178
1179
1182
1183
1184
1185
1186
1187
1188
1198
1199
1205
1206
1217
1218
1223
1224
1225
1229
1230
1231
1235
1236
1237
1249
1250
1251
1252
1253
1256
1257
1264
1265
1271
1272
1279
1280
1285
1291
1298
1299
1314
1317
1329
1335
1336
1337
1338
1342
1343
1350
1359
1360
1362
1366
1368
1372
1373
1380
1381
1389
1390
1395
1406
1412
1415
1416
1422
1423
1429
1432
1433
1438
1439
1445
1446
1447
1448
1449
1450
1453
1454
1455
1456
1457
1461
1462
1463
1464
1468
1469
1470
1471
1473
1475
1476
1477
1485
1486
1487
1491
1499
1505
1506
1511
1512
1517
1518
1519
1527
1528
1534
1535
1543
1544
1550
1551
1556
1557
1558
1562
1563
1564
1565
1569
1578
1580
1585
1586
1587
1588
1591
1592
1593
1594
1595
1616
1617
1622
1623
1628
1629
1630
1636
1642
1643
1644
1656
1663
1672
1673
1674
1686
1692
1699
1700
1713
1721
1735
1737
1798
1806
1828
1841
1849
1850
1860
1883
1893
1902
1903
1934
1941
1942
1979
1992
2007
2014
2021
2022
2041
2049
2050
2052
2092
2098
3000
3003
3004
3005
3008
3009
3010
3013
3015
3016
3017
3019
3020
3021
3022
3023
3025
3026
3032
3033
3040
3041
3042
3043
3044
3045
3047
3049
3054
3057
3058
3059
3060
3061
3062
3063
3064
3068
3070
3073
3074
3075
3076
3077
3078
3079
3080
3081
5000
5001
5003
9000
9001
9002
9003
9005
9006
9008
9009
9010
9011
